gene	DTL	Interstitial	Immune	ATL/TAL	EC	PC	PT	TAL	IC	CNT	DCT	PEC	POD
UMOD	1.591816845	2.216987729	0.709104509	3.491865228	0.9009052	1.45345296	0.228501179	5.340488526	0.710594352	1.20313024	1.863841117	0.954373897	1.694477933
RGS5	0.142774201	3.765780883	0.041464104	0.11644449	0.468477143	0.096164416	0.082554327	0.086609771	0.063702427	0.066399076	0.033789997	0.530624978	0.017229281
NPHS2	0	0.002046541	0.001434445	0.000178498	0.003179274	0.002965029	0.002985796	0.001289988	0.001391652	0.001439202	0.001433364	0.184275046	3.278568065
ACTA2	0.04552749	3.23145875	0.068247006	0.067231308	0.082728077	0.03738581	0.054404795	0.029667201	0.014961628	0.049750138	0.019879744	0.252227676	0.042206163
MT1G	1.878500831	1.629081429	0.889484199	1.628061492	1.097709282	1.501465434	4.679233719	1.735260882	1.061442736	1.231910144	2.537695358	1.97644767	0.465475864
SPINK1	0.034856298	0.229663172	0.061575924	0.262153958	0.017770908	1.227467566	0.040360399	0.190368251	3.443331094	0.397776754	0.353827169	0.067398338	0.135144569
ALDOB	0.152180056	0.215325461	0.136915355	0.100692607	0.298584797	0.336420813	3.273496665	0.155758062	0.159077802	0.169305508	0.267271857	0.489393601	0.144744663
TPM2	0.190684119	3.080583734	0.145609454	0.141286669	0.34620931	0.074086013	0.109265689	0.061519429	0.039619971	0.069367573	0.03904956	1.061909954	2.367319168
MYL9	0.750150921	3.223771167	0.028564872	0.261154624	0.519380353	0.382535593	0.291279225	0.186756792	0.186879605	0.379769876	0.150768674	1.648340616	2.712587296
C11orf96	0.01717546	2.989780466	0.017727858	0.021019477	1.042782625	0.015501046	0.012158831	0.016394282	0.016078554	0.020415752	0.01054365	0.141499916	0.083015924
PTPRO	0.037445555	0.003352649	0.062813776	0.000833974	0.001816387	0.00978214	0.028231216	0.001581382	0.001483081	0.001147281	0.001507005	0.174251912	2.796159957
MGP	0.138656051	3.715534044	0.100021191	0.177486792	2.94644848	0.683526436	0.329864655	0.152247771	0.360446426	1.537417813	0.156874597	2.71873958	2.27646819
NDNF	0	0.015241472	0.000687499	0.001143605	0.063365666	0.01344138	0.001036873	0.000672868	0.000700205	0.003391315	0.002097146	0.027259802	2.632359169
RAMP2	0.048439864	0.270195708	0.019843478	0.089969434	2.680016604	0.096182274	0.045525908	0.05276928	0.182445397	0.090380759	0.064490018	0.047719084	0.51635758
ADIRF	1.822540838	4.120925896	0.115458469	2.248633829	2.121799907	0.717263922	1.937563256	1.510722406	0.42016308	0.748959811	0.992177499	1.467813567	1.280057202
FGF1	0.019887336	0.18651786	0.003375591	0.000911534	0.016769819	0.003721094	0.012517603	0.002199405	0.0104476	0.001706425	0.004043843	0.081063887	2.602724207
SLC9A3R2	0.202065435	0.679831255	0.049848612	0.179511643	2.720469022	0.090711279	0.107184035	0.093487256	0.086866727	0.077291112	0.058664569	0.781348962	1.879454885
GATM	0.484908944	0.296160227	0.211331761	0.226844971	0.256319801	0.545464641	2.912941347	0.439916064	0.148601236	0.277827813	0.276146067	0.667201934	0.218709384
EGFL7	0.180665314	0.243982328	0.076550266	0.202315958	2.681388382	0.096464866	0.097162016	0.122751168	0.429427859	0.145413906	0.144421739	0.057492089	0.571157291
MIOX	0.173173274	0.180950831	0.09242582	0.06880255	0.175831684	0.198878856	2.653924938	0.106159104	0.050145711	0.093877719	0.141360232	0.317398349	0.108897266
MT1H	0.631733206	0.509098919	0.327009966	0.591208393	0.276464484	0.536040692	2.964986828	0.573615273	0.310937903	0.346291966	1.420177197	0.746807209	0.101416375
PDZK1IP1	1.274201093	0.299247587	0.129508847	1.119852763	0.177915176	0.528147346	2.932556397	0.333856579	0.279339025	0.921858282	0.263581644	2.683287309	1.613075285
PCOLCE2	0.001811477	0.056645399	0.002849446	0.003367638	0.000982499	0.007494985	0.005002483	0.002353711	0.026794034	0.002443835	0.005008193	0.055646758	2.347982405
CALD1	0.73003777	2.863796263	0.066646751	0.207601775	1.273274292	0.142624069	1.012239834	0.091624208	0.064355668	0.131323514	0.115225472	1.203373946	1.579690219
PTPRB	0.014889161	0.111656716	0.013184256	0.01723983	2.306351264	0.021292861	0.014126379	0.019155153	0.020186598	0.012479536	0.008529181	0.01790139	0.487672178
PLAT	0.036173599	0.345002887	0.019674199	0.094845369	2.301649137	0.012258735	0.031678315	0.016061336	0.018824639	0.012846042	0.010615156	0.583328942	0.682219064
HLA-DPB1	0.291044357	0.42605139	2.772004467	0.1499385	1.780593863	0.38585747	0.385341958	0.112418894	0.220833057	0.269723064	0.15292126	0.216416462	0.279801346
AQP3	0.090308888	0.291706376	0.32119425	0.160774044	0.034369914	2.717383276	0.243692014	0.193615391	0.871466046	1.929669747	0.163118249	0.465015352	0.520728785
PLAC9	0.018576179	2.295469567	0.005772046	0.014447564	0.516367855	0.009404178	0.011305196	0.010651641	0.010509909	0.019835383	0.01042837	0.018905922	0.154893997
HLA-DRA	0.467788475	0.575704363	3.516741312	0.856886794	2.824985518	1.197048584	1.130401061	0.63010191	0.86552494	1.164016071	0.580751994	0.472072925	0.690398056
RAMP3	0.017045857	0.051263493	0.010407834	0.014457658	2.206103505	0.017221621	0.012874773	0.014925028	0.015265241	0.006667792	0.007867485	0.044324837	1.560424561
HLA-DPA1	0.165254024	0.334100164	2.830626755	0.222649425	2.134899987	0.472658879	0.489463871	0.106686599	0.312559824	0.335116165	0.179767157	0.1834054	0.303957459
GSTA1	0.072210195	0.158975681	0.065863896	0.121635925	0.130121681	0.117108273	2.32255843	0.592847384	0.056750565	0.076523346	0.18733859	0.398569394	0.146878881
LTB	0.25814923	0.062842313	2.161736283	0.414723497	0.038917188	0.054673129	0.126341523	0.047089171	0.096551941	0.148438893	0.036828439	0.243821609	0.013180324
PODXL	0.054693367	0.165469193	0.019699847	0.086302684	2.212206187	0.05636639	0.037433009	0.042669531	0.035717446	0.034202565	0.041775347	0.427211755	4.122301613
AIF1	0.062442859	0.078360188	2.121191916	0.033260262	0.049274361	0.061468565	0.069869982	0.028276845	0.02379421	0.017706592	0.039960689	0.303309393	2.967548886
BGN	0.318897474	2.20161701	0.022458286	0.101612733	0.308979252	0.037082703	0.310633923	0.116004541	0.010906554	0.023112805	0.009573432	1.985669307	1.410611763
TMSB4X	2.388671787	3.507852106	4.794752352	2.430858392	3.715901109	3.355594647	2.176282834	1.408936687	3.152868268	3.169968158	1.702042699	2.921228411	4.410442966
SOX18	0.054324226	0.230877238	0.012193534	0.012328047	2.030876012	0.030524728	0.013574815	0.016462845	0.019444413	0.010576412	0.005842738	0.036843411	0.202673152
MT1X	1.363834028	2.086430721	0.88590816	1.080934218	1.691707163	1.131966335	3.2234359	0.933546235	1.498902543	1.072437278	1.131264487	1.84546545	1.236157089
WFDC2	2.622793164	1.446920387	0.40336345	4.764006145	0.322558803	3.454834495	2.343646784	3.190067099	3.26182731	3.803730977	2.725351898	1.770500132	0.63535044
NAT8	0.220365894	0.094452162	0.058430151	0.195787744	0.078502839	0.156687018	2.088517361	0.137168092	0.044047889	0.059999999	0.077123281	0.44260616	0.048306009
CRHBP	0.000748719	0.027467299	0.017930972	0.007753913	1.980661239	0.007135657	0.018285042	0.011941005	0.021082913	0.005635835	0.014697994	0.019539994	0.611129302
S100A2	1.532687284	0.648290599	0.164057056	3.536089791	0.21258316	1.863263254	0.45382425	2.283723376	1.746441957	2.748426082	1.775718724	0.600965612	0.264296717
HLA-DRB1	0.395627274	0.558880128	3.310729086	0.78812727	2.953312725	1.138159631	1.167606328	0.446197526	0.791252569	1.134894767	0.449924803	0.699117274	0.733973545
HSPG2	0.696963495	0.672989309	0.026296255	0.626007735	2.285598469	0.544963487	0.212238462	0.288271598	0.206214484	0.53791851	0.284790071	0.648786155	0.172606073
FABP1	0.024355588	0.070361048	0.029472161	0.024847985	0.074009715	0.064029631	1.993002707	0.041098384	0.025856098	0.041650362	0.061911984	0.125841289	0.043464373
CORO1A	0.005685353	0.054024231	1.949517569	0.025979658	0.034551613	0.028502773	0.03080265	0.020130646	0.023567023	0.022037559	0.01445574	0.006761535	0.015281184
UGT2B7	0.921861634	0.135572743	0.079004724	0.366136963	0.125962785	0.202520962	2.102240972	0.123013857	0.085334413	0.176984858	0.129105104	0.900611304	0.034527156
KNG1	0.365804295	0.62950451	0.139617711	1.508168079	0.160180535	1.038207996	0.107086206	3.0072083	0.631940538	1.601157225	3.056614185	0.20683776	0.31936652
HYAL2	0.298140572	0.24120497	0.068477241	0.400596521	2.116392501	0.286762187	0.196899342	0.214154148	0.258589425	0.299325751	0.270444567	0.301746949	0.553569769
PLPP1	0.207426393	0.498421907	0.0400688	0.157646166	2.025406991	0.17416477	0.143666596	0.062339409	0.18511009	0.254204798	0.10225841	0.173450887	0.486035258
STC1	0.070049105	0.118241253	0.016576146	0.081400275	0.164990961	2.236700581	0.060057255	0.082412101	0.5784725	2.041084939	0.169073584	0.079233438	0.073657938
HES4	0.737167757	2.286149948	0.212952063	0.518088202	0.947650995	0.540627174	0.222708239	0.415995736	0.300472425	0.872529744	0.204795243	0.879447881	0.641562582
CALCRL	0.070449439	0.351550376	0.032798811	0.132944889	1.930786785	0.039056281	0.176128691	0.023809149	0.016779714	0.021261084	0.017897124	0.197423764	0.274836188
CSRP2	0.177915362	2.15740753	0.019685683	0.331122955	0.25271838	0.096318676	0.398314151	0.702545679	0.074698781	0.185499098	0.27627564	0.157803987	0.098176127
CAV1	0.132563982	2.034581583	0.022001811	0.165799191	1.187991657	0.031689335	0.13409217	0.034306633	0.057026063	0.11821668	0.031045984	1.162750089	0.128519006
CHI3L1	0.007651405	0.047357667	0.037427178	0.02773224	0.000373507	0.00186683	0.018062252	0.006890797	0.016920366	0.014227214	0.036574994	0.389072414	1.824457654
HPD	0.061643414	0.069431446	0.035826233	0.050430326	0.075126639	0.157131348	1.881851591	0.099898536	0.081644144	0.112026285	0.146488094	0.113174935	0.092127852
LRP2	0.360650291	0.108209548	0.062703891	0.045032094	0.063911364	0.174131719	1.861014376	0.019895311	0.04723756	0.067206281	0.069158484	0.91581586	0.109843179
NOTCH3	0.130795552	1.939347995	0.009840922	0.186420127	0.030448427	0.369638517	0.015850311	0.304145321	0.114903646	0.444457096	0.330216955	0.059520566	0.041653987
GSTA2	0.02778737	0.096919467	0.035343261	0.062216939	0.097803082	0.064255653	1.910428513	0.408373235	0.038071516	0.056892128	0.108908267	0.1144778	0.030273693
SH3BGRL3	0.917377598	1.074213455	2.795457509	1.261052291	1.533931739	0.976310511	1.049482785	0.724490809	0.977336196	1.03860708	0.833085742	1.038885442	0.957041055
SLCO2A1	0.152288865	0.055341375	0.006500554	0.077421677	1.767003634	0.068818497	0.051252125	0.02257099	0.025110998	0.145678416	0.027073614	0.01705848	0.135062677
LGALS1	0.35083136	2.892028684	2.287173421	0.738436664	1.790505097	0.61199406	0.538307759	0.29605962	0.420154688	0.708572354	0.324522311	2.089805626	2.398083834
MFGE8	0.022158534	1.768927423	0.031428826	0.03407467	0.294461012	0.015086481	0.049177695	0.011204109	0.025645314	0.019546269	0.00855895	0.257946383	0.228387349
MCAM	0.103310692	1.828266772	0.0107039	0.116228572	0.591404395	0.014659448	0.138777625	0.031102389	0.006106653	0.049212801	0.019585186	0.10957797	0.156406179
PLPP3	0.193433245	0.25863173	0.019521193	0.31582299	1.941471664	0.276543051	0.194502347	0.25936379	0.229585732	0.391357703	0.330749499	0.453444127	0.345829897
CUBN	0.089216141	0.079953314	0.065414656	0.039652768	0.111931262	0.110386463	1.758938708	0.013334724	0.050211532	0.062076354	0.056722227	0.132852062	0.023951758
NTNG1	0.046147474	0.002288337	0.004188778	0.046716283	0.01759273	0.006209119	0.00647235	0.00185699	0.00256869	0.008333987	0.001989291	0.063480842	1.705710618
KDR	0.002704594	0.090166766	0.005563003	0.006290672	1.701738643	0.010255459	0.006361268	0.007407669	0.017975278	0.004121906	0.004730845	0.01322048	0.343906223
ASS1	0.164253759	0.145253343	0.043207326	0.185700295	0.534798778	0.25321865	1.871418202	0.165335321	0.067099284	0.193066935	0.163123287	0.900117446	0.337244351
APOE	0.46928532	1.01643096	1.935113614	0.496140472	0.38966076	1.246524774	3.170989789	0.597756193	3.067477504	0.543610394	0.972693589	0.713250492	0.748853885
LBH	0.434337297	1.889200252	0.477262123	0.145357167	0.302114281	0.065951625	0.274937772	0.060096346	0.22425017	0.055467333	0.071311803	0.723427076	0.80487848
NPDC1	0.256223215	0.504577277	0.115652397	0.600911251	1.882998938	0.302889459	0.187638203	0.092668653	0.096746298	0.331421894	0.082930301	0.382153902	0.590252783
FRZB	0.002637812	1.651063698	0.003929083	0.010427607	0.026185053	0.007003515	0.004923765	0.008828297	0.006336791	0.005005932	0.017139616	0.031851072	0.097226595
SRGN	0.026304894	0.839110691	1.946189624	0.032926552	1.426888145	0.058388784	0.0658001	0.028447777	0.024424784	0.056337928	0.038196305	0.751495676	0.18079785
ARHGDIB	0.110429293	0.825137349	1.940289689	0.089298919	1.1514922	0.317888751	0.098353434	0.055764566	0.153698791	0.32037836	0.042217856	0.228809649	0.189249978
LGALS2	0.333565345	0.10832338	0.928449691	0.049880807	0.070176894	0.126177702	1.938950658	0.057859363	0.033515076	0.073239788	0.074552752	0.581842435	0.06894181
COL1A2	0.068421213	1.705822063	0.011120461	0.077265443	0.042222386	0.033170588	0.087406915	0.072514066	0.038924835	0.232970962	0.275241754	0.464473551	0.215713113
FLNA	1.019795189	2.402529014	1.108079766	0.945721294	1.0399904	0.687335105	0.695352199	0.527127404	0.264668393	0.922396607	0.440142844	1.46449932	1.478488986
RBP5	0.244569935	0.117544204	0.042320527	0.199898654	0.910863918	0.149152114	1.867243846	0.324457062	0.057320289	0.087952787	0.177603949	0.277887621	0.089442175
RBP7	0.137143841	0.279220853	0.109364963	0.050288798	1.685074997	0.085303909	0.030703513	0.070482973	0.39118049	0.046464844	0.072530154	0.086923129	0.092955561
HSD11B2	0.188201545	0.480074742	0.079187501	0.733142697	0.062419	2.843698197	0.266637133	1.228031371	2.081368881	2.92909974	2.319645665	0.215363553	0.497165043
HLA-DQB1	0.119980633	0.108735477	1.926196565	0.230059073	1.086445556	0.320758185	0.319724706	0.109402652	0.183737663	0.325937211	0.112950986	0.220022755	0.117902197
S100A8	0.005335643	0.012287965	1.586731531	0.006526677	0.002359618	0.0010407	0.008092072	0.005374672	0.005129833	0.00420618	0.000438296	0.025089849	0.268843858
CAVIN2	0.05891395	0.099200479	0.022483447	0.058310959	1.618270583	0.022512268	0.037974061	0.036357104	0.017773752	0.053590292	0.043825106	0.142586226	0.14168734
NRGN	0.029224857	1.650227006	0.166703115	0.065347006	0.244504989	0.017046611	0.028520578	0.039136296	0.009460355	0.021936299	0.020336712	0.382130634	0.174848897
FAM167B	0.023214801	0.060718993	0.019935353	0.022909676	1.595338606	0.027978323	0.014735531	0.019150733	0.008759248	0.017198145	0.017392685	0.037275314	0.067480751
PCK1	0.14807532	0.155613951	0.050876252	0.499335773	0.074572286	0.277746793	1.95331474	0.78194142	0.447703818	0.095461078	0.331414119	0.195127705	0.063561654
MT1F	0.948395558	0.429139926	0.333694777	0.940722388	0.185351067	0.71869621	2.220801103	0.660664812	0.469736556	0.862630953	1.089075896	1.627149296	0.766540602
TM4SF18	0.031411778	0.073352598	0.006074012	0.092696547	1.63932161	0.019135982	0.266477237	0.052772709	0.00721585	0.006851873	0.013013929	0.037058825	0.136775633
HEG1	0.165371326	0.208385624	0.081339749	0.08177367	1.602294702	0.035947147	0.078999593	0.022731863	0.011532411	0.023209116	0.009983217	0.267211443	0.259558284
RAC2	0.022034415	0.043159298	1.55844229	0.01855159	0.013046049	0.027941801	0.02923312	0.009140992	0.006755874	0.023548223	0.011030062	0.037751474	0.038637758
SPP1	3.364930972	1.675624577	1.391636744	4.527547835	0.585200475	1.709055951	3.124350649	3.439144407	2.445348126	3.229906859	4.531000817	2.146178265	0.793648708
PPP1R14A	0.037156993	1.720791104	0.208184406	0.017982887	1.16017641	0.00803773	0.01338367	0.020016252	0.010016986	0.019070486	0.006199951	0.028446444	0.351480651
FAM89A	0.075231146	0.103133094	0.056230303	0.042458211	0.160425066	0.02348495	0.03734463	0.019410948	0.009865819	0.013567091	0.016335251	0.235118883	1.576767087
C11orf54	0.864304983	0.41843824	0.231082341	0.681795155	0.421442685	0.70110178	2.176726422	0.948939953	0.675133276	0.586719263	0.737049058	1.447374389	0.468042503
TNNT2	0.075197888	0.0246241	0.002995147	0.006254585	0.037953404	0.008229978	0.099571951	0.005740464	0.004612914	0.00399431	0.005377958	1.553316227	2.248640087
KHK	0.125584232	0.176752822	0.076811238	0.07789473	0.103337187	0.096544761	1.605508624	0.144763596	0.051771513	0.066738094	0.104805281	0.142982468	0.109300642
ETS2	0.25717425	0.568893643	0.324700552	0.251422117	1.740151955	0.119140132	0.226547092	0.199495467	0.183867034	0.155974134	0.228788676	0.501445498	0.920313534
SNCG	0.042360543	1.700950076	0.007470657	0.312192934	1.013414401	0.036714845	0.050527475	0.227656499	0.023643177	0.079711865	0.122943233	0.105054427	0.131201885
COL1A1	0.0335138	1.530115332	0.005566643	0.040830167	0.008774636	0.028502643	0.094796582	0.007344316	0.013258081	0.042362145	0.010463848	0.871816108	0.027847141
TYRO3	0.021795419	0.016075591	0.00449815	0.006363539	0.088244043	0.003268005	0.015451225	0.002189898	0.013604235	0.006433755	0.00644814	0.171579824	1.495552507
CD74	0.995791935	0.858150177	3.484692072	1.481483716	3.746127155	1.441744677	1.70644939	1.166809463	1.416427226	1.776551529	1.027367769	1.287122695	1.136251409
BHMT	0.143558086	0.072983938	0.033186926	0.07349936	0.056348511	0.284864474	1.595976789	0.101140447	0.069467154	0.245109542	0.111503363	0.445140164	0.014922022
AQP1	0.745493836	0.571973026	0.035345749	0.114800749	2.305349215	0.152353207	1.747404837	0.096773273	0.069589789	0.081767856	0.103119064	0.619708921	0.598114114
SEC14L1	0.39887858	0.454484913	0.366223077	0.697050662	1.918732159	0.345782919	0.20020368	0.743782893	0.410403021	0.375089997	0.432347305	0.319216621	0.980783408
ANPEP	0.254074179	0.085175132	0.179577998	0.087146968	0.078744583	0.159078315	1.575829987	0.060489263	0.056264472	0.097286826	0.052797844	0.337728979	0.036478744
SLC14A1	0.033088092	0.19517439	0.033660827	0.023634881	1.484706172	0.009824365	0.005563823	0.009285047	0.009093681	0.00499653	0.002378938	0.034689225	0.088246061
ITGB2	0.015719011	0.026849535	1.478176117	0.038826799	0.022007309	0.011959709	0.042642625	0.016259833	0.016754034	0.010217228	0.011939615	0.092778963	0.014501946
DCN	0.022174832	1.518354234	0.010416046	0.001929001	0.020211887	0.002790541	0.007295253	0.002705088	0.013271126	0.005294776	0.001492403	0.289158144	3.296763576
LIFR	0.519428988	0.417023721	0.01183265	0.415377817	1.82147387	0.416038091	0.282712633	0.645161335	0.362503976	0.388556412	0.431820247	0.503870805	0.518516238
ARRDC4	0.240473611	0.21138752	0.075475991	0.359852581	0.08637309	0.292380695	0.105657378	0.237610224	0.288365173	0.321854111	0.246128322	0.379089868	1.633720234
PAH	0.046461301	0.035542966	0.021683003	0.024670562	0.046318359	0.089422538	1.464250179	0.021465734	0.027779484	0.025889357	0.05907903	0.164729605	0.030271391
PDZK1	0.971328494	0.125442247	0.042831906	0.279835497	0.058429824	0.42556992	1.68374355	0.233442819	0.195799428	0.502007693	0.19601699	1.009442014	0.02081923
ST6GALNAC3	0	0.010600279	0.010249016	0.000570537	0.347466967	0.013300687	0.002911941	0.00230282	0.004760433	0.010282654	0.003340159	0.050683538	1.452501648
ITM2C	0.984941146	1.047735312	0.514007316	2.402307867	0.085736687	1.546962692	0.651299746	1.172291286	0.809358028	1.579576191	1.304388973	0.822338767	1.058280697
LMO2	0.066019697	0.090553542	0.315767085	0.052471471	1.513100352	0.019466376	0.139770907	0.038117485	0.017157365	0.018526058	0.01291517	0.029337268	0.339218769
CYBA	1.798675138	0.879605703	2.958703457	2.150693278	0.964768365	1.012437846	1.965429513	1.195970134	1.257082276	1.400474118	1.126095768	2.270785282	1.447025653
SGK1	0.214080773	0.21232625	0.691887028	0.416621499	1.882335885	0.381705572	0.502424039	0.249124027	0.227550956	1.024822083	0.545824263	0.335937929	1.148078812
GLYAT	0.13499232	0.048878236	0.029950569	0.030044865	0.038878037	0.082602792	1.439666579	0.033400693	0.028200604	0.023563504	0.035874592	0.21658876	0.010085896
CEACAM1	0.008947462	0.020305045	0.016182812	0.011674332	1.418967554	0.00685331	0.063960284	0.003832791	0.009353513	0.007404834	0.007360705	0.018376859	0.087269774
TM4SF1	0.379306259	1.996925639	0.011943795	0.654436839	2.32026963	0.033040831	0.206003259	0.082833949	0.020812024	0.041489416	0.025705895	1.310044233	0.410428592
CLDN10	0.722181907	0.283485089	0.044231648	2.257919744	0.066452969	0.354676526	0.608519766	1.902351724	0.110989213	0.350963524	0.311357762	0.43929493	0.150243893
ACSM2A	0.292413687	0.074113442	0.037818099	0.060871012	0.052618431	0.113835093	1.445190913	0.041575377	0.036165994	0.042988402	0.049009423	0.312796541	0.012498126
FBP1	0.218017864	0.095114516	0.400004248	0.117201936	0.079860087	0.547716461	1.666357674	0.158231262	0.331811976	0.359052665	0.196423556	0.207145222	0.059209587
PRODH2	0.040177486	0.043892385	0.024813463	0.015532645	0.051226242	0.065110397	1.413624798	0.024307229	0.021460339	0.029209923	0.041407569	0.238139965	0.411023298
AK4	0.20751486	0.15329236	0.044617652	0.16909818	0.151387011	0.110640028	1.508416466	0.239235033	0.042410659	0.061551971	0.055858474	0.283865478	0.152546028
SPTBN1	1.013832766	1.272512295	0.232511041	0.986072151	2.318021094	1.073275938	0.985877699	1.051909919	0.85990759	1.057363544	1.073466759	1.297923499	1.159009105
MYLK	0.242583614	1.66339459	0.021095019	0.395365397	0.65870257	0.07249484	0.38246946	0.342239997	0.098005979	0.123123674	0.128387262	0.879919993	1.175429724
PEPD	0.389379217	0.354195104	0.299675469	0.345250666	0.519841383	0.361518897	1.731164104	0.340480856	0.366829893	0.318179342	0.342102675	0.50051912	0.283826847
TINAGL1	0.620092176	1.971051025	0.024600165	0.742704618	1.43487903	0.600178941	0.667543098	0.37144251	0.29228372	0.623154884	0.539119361	0.878847225	0.244444349
IL18	0.176971617	0.068822826	0.484485108	0.082545703	0.016819249	0.501961048	0.354301868	0.058362831	1.636277668	0.105034905	0.063789073	0.447618028	0.090580321
CXCR4	0.026551704	0.088238079	1.406605194	0.046879793	0.089584586	0.024579799	0.025959355	0.124021113	0.016065951	0.022836678	0.045029775	0.034554449	0.014750575
VIM	1.176902208	2.957455865	2.348442361	0.779948793	2.459668326	0.417707464	1.957820135	0.218281453	0.175160534	0.607762821	0.164143962	2.857872694	3.064739016
MGST1	0.376810372	0.297760597	0.148453208	0.742626112	0.086609914	1.101583365	1.961995778	0.808010139	0.33708515	0.941238588	0.217807027	0.452218071	0.155847707
ACSM2B	0.151513285	0.065972115	0.030342794	0.044217746	0.059354785	0.084628338	1.383246235	0.039386552	0.037684359	0.02748905	0.040464065	0.25106219	0.00478595
MEF2C	0.05974917	1.800534058	0.95995038	0.234152637	1.475735021	0.067871933	0.044517434	0.287616247	0.082839816	0.058391719	0.166938753	0.327190548	0.163079169
LDB2	0.004390954	0.13913151	0.00772718	0.008546694	1.342216508	0.00786157	0.008043788	0.007534396	0.00900155	0.004674509	0.003709965	0.056000488	0.260916758
AKR1A1	0.627714286	0.398516255	0.663023938	0.502073719	0.382457829	0.463097777	1.793171845	0.350214722	0.417118152	0.433898309	0.323275085	0.789135306	0.499292016
ICAM2	0.035190085	0.196273504	0.34876369	0.052605152	1.4273233	0.08497089	0.016042499	0.043444836	0.036066035	0.059923259	0.070121896	0.027508978	0.14310564
CSRP1	0.361611479	1.802867794	0.293988164	0.473531329	0.925119755	0.61682737	0.295308285	0.366091043	0.412607059	0.847971429	0.596001175	0.898022747	1.707353231
NUPR1	1.913834427	1.341838254	0.118530246	0.452659988	0.452092209	0.322511143	1.130671692	0.184381372	0.101682365	0.257379263	0.117635452	1.710018471	1.821069198
DPEP1	0.092637731	0.065557712	0.037989249	0.027611278	0.054240773	0.110045424	1.361331697	0.031181603	0.026231819	0.037650758	0.03865087	0.21000258	0.009900541
MT1M	0.342121765	1.862847503	0.041524045	0.313380892	1.584103136	0.083285661	0.844612946	0.222722252	0.07191585	0.098789205	0.472453933	1.06722518	0.305964754
TIMP1	1.148688262	2.382111308	1.380208014	2.005159236	1.436749078	0.247568791	1.09016449	0.438400135	0.347117848	0.838514771	0.252698652	2.436069131	1.941737112
ID4	1.61898848	0.987254998	0.014269362	0.415781749	0.03548766	0.673939449	0.300872621	0.281521867	0.193520705	0.312829665	0.134502723	0.542399725	0.468287795
SCNN1G	0.019489489	0.092539179	0.008579048	0.013829429	0.007772152	1.429046934	0.013638182	0.039213602	0.296093976	1.060375201	0.119990757	0.009288112	0.073852661
SH3BP5	0.005691054	0.223405917	0.363146337	0.024772116	1.449609289	0.135670163	0.223530563	0.018120006	0.028059321	0.104443373	0.014539037	0.30532833	1.031464233
COL6A2	0.15012645	1.437221213	0.103628817	0.103329782	0.525652907	0.027604139	0.230206977	0.010377671	0.117832009	0.022869817	0.005772813	1.10524575	0.076979882
ARMH4	0.223403707	0.011506475	0.001808457	0.064171976	0.030665061	0.007838904	0.041530021	0.10325265	0.042745886	0.033120687	0.0355027	0.128301614	1.329712214
ENPP2	0.03015353	0.136912582	0.070745155	0.029904045	1.406024503	0.020410098	0.322992094	0.049018524	0.05000722	0.012255362	0.021544331	0.050510342	0.059619268
DUSP11	0.215116277	0.206601906	0.208312787	0.202767665	0.541284108	0.195879112	0.209487387	0.146188908	0.160767236	0.170810381	0.171964186	0.183535241	0.23411637
ECHS1	0.858813352	0.672798866	0.544796729	0.961374273	0.52016266	1.045902779	2.195832133	1.039593219	1.250206008	1.021502816	1.046831816	0.913310414	0.768066978
SLC4A11	0.319131427	0.070680321	0.002294837	0.062771654	0.012933988	0.02205495	0.087999294	0.032132554	0.013618101	0.027968575	0.016147828	1.320893786	0.010759539
ISYNA1	0.260427887	1.590794755	0.096542029	0.366819817	0.271142767	0.353871861	0.188609167	0.558524634	0.232735824	0.388538573	0.643253339	0.512947288	0.270484296
ARHGAP28	0.004261292	0.021582978	0.001151147	0.004318435	0.201867648	0.042697387	0.053861374	0.002392542	0.062228836	0.030216173	0.025398175	0.112316305	1.301987181
PTN	0.028566784	1.320748876	0.002235056	0.197962442	0.013781396	0.015925543	0.117627301	0.030047515	0.092422983	0.016752934	0.004909372	0.275811879	0.123926104
TIMP3	0.283589771	2.590306174	0.07464809	0.89401771	3.433684788	0.609796295	0.245772896	0.424164873	0.629659503	1.11001398	0.702914883	1.144808657	1.98743089
IGF1	0.019612928	0.285425879	0.071142165	0.003358667	0.04135968	0.065844233	0.03814307	0.003072362	0.038391869	0.008636574	0.000816757	0.289766019	1.302952594
SLC16A9	0.087267813	0.088509952	0.029450196	0.037607928	0.126802016	0.084329803	1.313881494	0.041287086	0.024678666	0.042881824	0.085531883	0.149816174	0
DAB2	0.896858898	0.28621931	0.475249588	0.577785551	0.97868168	0.627960201	1.791066975	0.366087089	0.338727641	0.478191002	0.265092603	0.923699584	1.40827332
GBP4	0.028401212	0.256203366	0.312737496	0.036913092	1.326732275	0.023578157	0.021688209	0.010245008	0.008858386	0.013796749	0.005031713	0.079436856	0.116682995
RPS19	3.244586594	2.889551561	4.065300063	2.904826016	2.721042941	2.622594096	2.994950877	2.560099397	3.064454865	2.750696076	2.496801378	3.228732099	2.102554003
RBP4	0.661614581	0.097456929	0.02233521	0.073262671	0.036708974	0.052890571	1.306470035	0.029121841	0.017553262	0.016446781	0.014720458	0.891884676	0.009729099
CD14	0.020072012	0.058488748	1.317327618	0.029273847	0.458026666	0.019362149	0.065016391	0.015551432	0.012141689	0.015809299	0.025514676	0.065778393	0.024127695
FTCD	0.139362447	0.048901124	0.021627757	0.033294662	0.041546351	0.107806186	1.280493078	0.04696331	0.034074056	0.026159784	0.046596727	0.238266691	0.035012405
DDC	0.086425287	0.051255504	0.019569706	0.020528265	0.031586963	0.067324505	1.265393417	0.027044077	0.015860246	0.029190131	0.037848226	0.321450053	0
NR2F1	0.082924035	1.451991097	0.010177574	0.104931832	0.630418792	0.042782689	0.422984567	0.178371348	0.01972349	0.028491548	0.178823967	0.558820882	0.55197098
PTP4A3	0.075232304	1.33578047	0.116320515	0.063844611	0.293284724	0.106904637	0.052877602	0.035935109	0.387792735	0.150497671	0.05175157	0.084734271	0.316065897
DPP6	0	0.005771142	0	0.001618157	0	0.000153497	0.006616889	0.001335771	0.000945472	0	0.002053134	0.092715049	1.22045643
NR2F2	0.878298085	1.978213111	0.047318211	0.93347326	1.048410275	0.830105142	0.763662219	0.945510221	0.459282373	0.730432205	0.823972805	1.468215577	1.075268958
FAM24B	0.077201163	0.0608481	0.085510173	0.069974966	0.022801578	0.288333551	0.026089542	0.046829217	1.295972873	0.101569282	0.057875862	0.056073747	0.103131305
LOX	0.005971602	0.070435114	0.001167627	0.007908099	0.068724688	0.000111534	0.003383233	0.002006129	0.001534653	0.001168959	0	0.050037582	1.216541785
PHYHIP	0	0.025852059	0.000621421	0.000407349	0.002034214	0.000412388	0.012182589	0	0.000226457	0	0	0.044602663	1.210468353
CALB1	0.038708279	0.450313762	0.106182594	0.144188154	0.073635422	2.471055451	0.17143011	0.454607479	1.783163102	3.239424166	2.750998895	0.226609262	0.310820359
TXN	1.549587161	1.335528238	1.23135726	1.577614542	1.099446607	1.43335204	2.597879392	1.335733304	1.692698778	1.459170093	1.518363578	1.469261763	1.489993395
SYNPO2	0.018077344	1.218659419	0.014106492	0.007816428	0.072995906	0.008521336	0.013237377	0.004287625	0.006212359	0.005801307	0.005860228	0.178230406	0.113747234
MUC1	1.323685017	0.480585809	0.11167147	2.544605616	0.119587979	1.879557983	0.334317813	1.991186506	1.715397822	1.893666788	1.773147843	0.30742748	0.223632205
EFNB2	0.17724002	0.140268289	0.008028788	0.085680556	1.286320508	0.155151129	0.084885155	0.02185038	0.109943718	0.23568588	0.02121307	0.317914119	0.626501209
NOSTRIN	0.100086537	0.098176641	0.00667706	0.051648149	1.25877547	0.014088207	0.168242582	0.034477616	0.009065023	0.006169178	0.008377543	0.036267949	0.147823627
RPS15A	3.086036242	2.749687472	3.867298205	2.593799533	2.670608676	2.529501934	2.820604102	2.393331222	3.127257823	2.49345884	2.386251557	3.024983246	2.074992427
REG1A	0.489630429	0.046175246	0.088385875	0.095626426	0.011014494	0.022350306	1.268006039	0.102218869	0.002987257	0.062479373	0.041607194	0.640032587	0
ESM1	0	0.007537778	0.008156251	0.00176978	1.192584815	0.004924437	0.000985859	0.002167108	0.007422628	0	0.000569905	0	0.12998657
TRAC	0.061155015	0.031530515	1.216541663	0.038837204	0.012354639	0.010095944	0.01931808	0.036008282	0.08100284	0.035944167	0.075630695	0.032983092	0.141715453
DUSP9	0.186772109	0.147086074	0.026679536	0.602510608	0.04090563	0.189799558	0.037191806	1.434163043	0.123897844	0.366017476	1.213931957	0.034249059	0.082721396
AMN	0.355051409	0.060897625	0.042596451	0.442993712	0.042460488	0.158239604	1.328852439	0.090431677	0.316684351	0.08421869	0.077359029	0.276960383	0.009300795
ITGA7	0.02950341	1.204221679	0.009656806	0.017973133	0.013154528	0.020216874	0.03715397	0.021586257	0.040138773	0.017246429	0.025897536	0.083719748	0.039908784
ALDH6A1	0.401738844	0.354758138	0.113136086	0.381237569	0.303355223	0.582591553	1.70143801	0.806112885	0.553687723	0.540801074	0.763836334	0.365194102	0.47311651
DAPL1	0.055034012	0.028628072	0.022786484	0.029370095	0.003514405	0.047213096	0.080967067	0.023421242	0.187742467	0.039869317	0.050868578	1.226306386	0.061775889
S100A6	3.636387627	3.102110865	3.026812892	4.60626308	3.595015396	3.814096525	2.827831244	3.64987859	3.519615533	3.992704509	3.536336979	3.867308323	4.618134554
DEFB1	2.008858828	2.207908829	0.912925169	3.754165707	0.78462961	3.789554071	1.648853439	4.708427758	4.118035112	4.800323182	5.33456438	1.920987001	2.20234213
RPL30	3.146691384	3.09054788	3.984792099	2.740287875	2.890618202	2.785418134	2.876890891	2.515309514	3.278568702	2.638221421	2.519846421	3.063272476	2.46882742
TPM1	2.454023447	2.474908501	0.260601795	1.820586322	0.734796318	0.903906851	1.753031591	0.706590232	1.052229568	1.130527201	0.623946147	2.621429074	0.903535477
EGF	0.173922137	0.200422014	0.025195926	0.262859821	0.024861222	0.14290633	0.032469881	1.498382165	0.243185759	0.227574332	1.856568812	0.057642536	0.07111932
ELK3	0.096758272	0.156659259	0.270847807	0.182362133	1.273587616	0.089172805	0.060006179	0.053558577	0.032090165	0.11249909	0.057331226	0.123844419	0.075951148
RPS29	2.385983471	2.032755173	3.43868141	2.129685861	2.117704638	1.954555194	2.448837383	2.26945875	2.589441677	2.235189442	2.257072023	2.322640177	1.956526588
TMEM101	0.364917229	0.239878456	0.223910759	0.284375502	0.266775566	0.586124969	0.226551023	0.200403463	1.480501745	0.403243261	0.798639338	0.28200435	0.284704409
MMP7	1.710937409	0.468006712	0.121080042	2.624633708	0.071562376	1.280114539	2.00943149	0.794137561	1.03756042	2.89825114	0.512847097	2.730048749	0.016153888
SUCLG1	0.792372219	0.598262067	0.453771662	0.846747157	0.44174	0.925004496	2.038814269	1.148458881	1.187077494	0.807580591	1.17443887	0.619076605	0.489718893
HLA-B	2.03596471	1.782802844	3.181805235	2.202081268	3.323948458	1.905763068	1.515768144	1.289415255	2.514465277	1.76733624	1.256548141	1.899126184	2.347209881
OCIAD2	1.259079073	0.378702937	0.647154321	1.309768968	0.611950524	0.907090556	1.976345587	0.695632451	0.709342999	1.061490355	0.842595368	0.951739069	0.480569426
VCAM1	0.747144819	0.49150736	0.054750672	0.243220418	0.795565545	0.148176978	1.435372718	0.045863647	0.050068717	0.072166133	0.056645001	2.579679018	0.115966508
GPSM3	0.041367286	0.092746494	1.179022947	0.027180902	0.087263028	0.046175608	0.017330072	0.012334787	0.024485854	0.031752842	0.007584221	0.028477027	0.03087156
COTL1	0.288232335	0.162287023	1.826612896	0.497242523	0.743084596	0.205112911	1.301931915	0.161489838	0.066066735	0.305861655	0.114797138	0.52515689	0.263146819
PFN1	1.893481895	2.186114267	2.995729522	2.031465757	1.748699135	1.825801091	2.076282786	1.414913951	1.789016868	1.880219557	1.553270399	2.025860491	1.567059566
LINC01320	1.502681664	0.071510354	0.022739221	0.769147413	0.017063229	0.118782968	0.663072901	0.406711094	0.052781796	0.173352749	0.124812645	0.610154387	0
FKBP1A	0.779393854	0.935707024	0.983397617	0.922374175	2.043784904	0.970330991	0.953564878	0.678861515	0.861298404	1.033375791	0.804074889	1.000004708	1.082499364
TMSB10	3.255519583	2.491710018	4.141136358	3.248836868	3.906977637	2.347755979	3.386349767	2.045876155	2.349232737	2.601810159	2.188208047	3.631717263	2.754854869
KANK3	0.017284445	0.1053603	0.021549067	0.014781171	1.15923211	0.012045603	0.021994265	0.026714115	0.01770099	0.008213987	0.014119333	0.209610301	0.179526834
SERPINE2	0.187898916	0.379371042	0.044134317	0.264393988	1.430733402	0.035453402	0.731542432	0.125971806	0.022253112	0.033181453	0.022076547	0.430036911	0.102901357
ITGA1	0.375179671	1.42860125	0.105909783	0.163098234	1.143312113	0.141404927	0.265189951	0.170168951	0.207500358	0.185678821	0.105776091	0.780623026	0.899821451
CTSH	0.568884984	0.273131969	0.928174529	0.797126874	0.385307954	1.998230182	0.971087599	0.737462217	0.953960004	1.625151478	0.546318591	0.457987365	0.168245762
SLC13A1	0.086215044	0.042228404	0.019027329	0.022877285	0.029716899	0.082399476	1.159992316	0.027684901	0.021004016	0.078523521	0.031084081	0.070054394	0
ALOX5AP	0.005777023	0.028943956	1.148501196	0.012520996	0.006039399	0.033007709	0.037966007	0.020889136	0.101048951	0.016792838	0.024841102	0.010971544	0.009008197
PBX1	0.502199737	0.669038951	0.030184891	0.473367114	1.530706886	0.307356743	0.504356168	0.619831937	0.223613966	0.278854083	0.310089462	0.595168666	0.453640599
CR1	0	0.001264705	0.095488446	0.00076987	0.000951851	0.001723963	0.000758308	0.000641678	0.001097567	0.000872106	0	0.014050165	1.131842201
UGT2A3	0.484039536	0.072956057	0.018492968	0.047047145	0.025462288	0.115408079	1.1727735	0.032489711	0.020258324	0.036407784	0.033344287	0.420584559	0
CLTRN	0.402755727	0.055295001	0.022638715	0.1016315	0.025967821	0.036056996	1.172567498	0.047409409	0.088801681	0.070370336	0.059276351	0.292910404	0.026182555
CMBL	0.364460787	0.205726718	0.037523386	0.374659519	0.101706392	0.330757828	1.456089784	0.6407904	0.286960384	0.28599161	0.461041825	0.296588509	0.099906824
RIPPLY1	0.260003077	0.006664328	0	0.006805836	0.000703221	0.006076351	0.061863403	0.001780661	0.000897991	0.008619192	0.002278826	1.129309706	0.002521381
PALLD	0.256741344	1.371929069	0.144953465	0.128078664	0.112152746	0.378306113	0.427810819	0.065582195	0.221207266	0.321624596	0.293612625	1.252537194	1.514615807
HMGCS2	0.026259501	0.093867063	0.006315729	0.019720756	0.013828064	1.284000849	0.046673782	0.072412099	0.546713421	1.155863394	0.289879292	0.049512238	0.048597345
NDRG1	0.478900513	0.462548062	0.202124177	0.504716049	0.979460146	1.835215468	0.873403661	0.586183455	0.869548851	1.402174414	0.927210791	0.440594263	1.460778263
BTNL9	0.009276791	0.022080949	0.009951529	0.019885142	1.11134847	0.03430729	0.00801938	0.031189942	0.121317695	0.001805379	0.007175215	0	0.199187837
PCSK1N	0.866952412	0.661272889	0.125725944	2.640035749	0.137096371	1.876558151	2.018883545	1.771389284	0.780519692	1.590177368	1.533166403	1.150096074	0.222510722
EPAS1	0.131238027	1.766314513	0.045291923	0.192296251	2.526483159	0.087251206	0.206267268	0.114391968	0.234000673	0.111018662	0.122481933	0.133716404	0.745316694
CDC14A	0.095484581	0.046910341	0.166072414	0.073034585	0.218158143	0.044685971	0.052562869	0.055605661	0.063076198	0.039337535	0.045042173	0.164336944	1.16558187
C1orf162	0.031434795	0.046460501	1.1024061	0.017631728	0.070964721	0.019764989	0.018879499	0.03043427	0.01560414	0.01651095	0.019467642	0.022949293	0.007801367
ID3	1.950758836	2.119437484	0.351567577	0.250233955	2.205687715	1.217844265	0.134726306	0.204977311	1.174141801	0.400386178	0.111035847	0.79460301	0.771599677
IGFBP2	1.95949626	1.303005191	0.049135395	1.619084555	0.501789761	1.44700624	0.241154139	1.098702088	0.200206094	0.947908912	0.295583046	2.23497866	3.449694179
ACVRL1	0.007373302	0.146109829	0.02023248	0.023922613	1.093280306	0.035301391	0.011024689	0.005222359	0.010007012	0.028233684	0.003876569	0.006807857	0.169933324
SLC22A8	0.011430985	0.017186151	0.015231782	0.009673138	0.030093473	0.04637079	1.092199641	0.011652659	0.01681877	0.017983373	0.022041705	0.041757262	0.003853118
HEPACAM2	0.005705649	0.03008598	0.004095713	0.014146525	0.006736433	0.291959316	0.006782958	0.026527973	1.121265794	0.04312028	0.020984494	0.011978645	0.018030133
WFDC1	0.012850855	1.101348014	0.002339915	0.014092086	0.138623956	0.004243886	0.009353583	0.096188486	0.008750105	0.002734943	0.006351448	0.029567815	0.028559172
AQP11	0.022372382	0.009531935	0.008596588	0.011491568	0.010254699	0.012539762	0.100869387	0.012553797	0.013724253	0.013748417	0.007382312	0.034470299	0.019636094
HOPX	0.014429392	1.315733269	1.020065726	0.012549005	0.171323985	0.015150359	0.009260416	0.007531851	0.025742108	0.014710669	0.005225863	0.042404734	0.007707317
SPARC	0.185334444	1.84868837	0.053789772	0.098724826	2.457877315	0.101810501	0.832966459	0.03891339	0.067064435	0.090391085	0.041935602	1.978479531	2.442251255
PIK3C2G	0.014959974	0.097100224	0.012503711	0.039857077	0.007359097	1.272817781	0.024215546	0.062220086	0.39706568	1.151123122	0.847142996	0.008557673	0.03964875
CPE	1.360437295	1.756790978	0.014317988	0.217196566	0.598758626	0.024858241	0.353219636	0.113927009	0.043599264	0.019184929	0.013230606	0.232392043	0.034675532
CERS6	0.193274349	0.146243422	0.144822654	0.231283807	0.185668818	0.092794442	0.149436625	0.233684391	0.13948931	0.079090785	0.144244996	0.160770633	1.218984426
THBD	0.080732164	0.137144716	0.097351904	0.006435945	1.082309666	0.003400307	0.014958889	0.003304712	0.005468748	0.003764437	0.002451189	0.032441465	0.027944886
SLC7A2	0.030204495	1.110249255	0.003536575	0.085966355	0.014068107	0.052340863	0.049987853	0.123729286	0.039247339	0.050872413	0.043289363	0.253087837	0.002515424
ECE1	0.250809574	0.401896519	0.12583744	0.363333237	1.267811419	0.122534477	0.16873082	0.25031078	0.315519863	0.208169082	0.280763548	0.319076694	0.083956156
AQP6	0.005282664	0.018034334	0.004447954	0.007182444	0.003625393	0.144728738	0.008344203	0.022999374	1.078954195	0.043681791	0.014969404	0.024144188	0.037852994
ARPC1B	0.457035459	0.651497038	1.539146697	0.784948554	0.874790632	0.445665299	0.500970973	0.211581715	0.372624521	0.504012387	0.200045642	0.646037932	0.387607652
PDE2A	0.00151624	0.061340675	0.006120038	0.007266892	1.050575013	0.004547691	0.00203431	0.002068842	0.007475981	0.001522183	0.002948248	0.002205407	0.069578862
LRRC2	0.038444989	0.043647713	0.004968064	0.053459261	0.010879273	0.01759829	0.015531468	0.096018181	0.035421209	0.002735312	0.008070432	0.032152574	1.076329607
RPS2	2.396466745	2.118058824	3.059718645	2.059821926	1.891638675	1.757128649	2.152441578	1.845549359	2.417661491	1.89294904	1.770082812	2.24255172	1.352935511
CLEC2B	0.036018219	0.061247825	1.158232253	0.107497316	0.801352721	0.00934213	0.020650141	0.008964756	0.010144703	0.009922324	0.010716025	0.018760609	0.086354054
GZMM	0	0.012177152	1.042390138	0.006489172	0.010324687	0.010467748	0.00535844	0.00569983	0.002935233	0.004918735	0.0017941	0.018723846	0
NET1	0.143059121	1.240317854	0.07674789	0.159789708	0.637855259	0.139016325	0.265683455	0.116762033	0.111328168	0.151678916	0.143677837	0.304745007	0.062553015
HLA-DMA	0.258456968	0.171292705	1.512052103	0.325818084	1.43786282	0.502551125	0.334915013	0.180137064	0.404062293	0.384385421	0.141630644	0.580691275	0.30375145
RRAD	0.252510926	1.25578202	0.026451067	0.450972747	0.02688651	0.300876115	0.232751783	0.18182786	0.1905297	0.605905992	0.241402791	0.516774582	0.004533817
MT2A	1.94391026	3.557210549	1.718380025	2.443915825	3.212722282	1.685511711	3.158593239	1.994667951	1.818549736	1.984055707	2.566664029	3.141467128	2.128143255
RIDA	0.335944237	0.080565616	0.071567818	0.200411841	0.079241131	0.114667939	1.18860511	0.24094597	0.157708941	0.201388397	0.270983266	0.153448229	0.161007746
PPP1R12B	0.169644699	1.166521038	0.05554131	0.103513228	0.119507784	0.176666079	0.113507853	0.092323394	0.565772892	0.104647333	0.089779747	0.225554884	0.14727872
LIMCH1	0.40103513	0.41357709	0.031831404	0.367359821	1.403481972	0.721233253	0.211247083	0.408818771	0.528579888	0.630858612	0.574143306	0.113117439	0.20997251
LTBP1	0.0282491	1.091486934	0.005259226	0.039973095	0.525890012	0.047433975	0.031199706	0.029430672	0.022261208	0.08986172	0.014069864	0.050256395	0.06997971
MAP1B	0.027312991	1.091596827	0.00627082	0.021721433	0.410967817	0.008025355	0.108122384	0.012320492	0.029508183	0.012886103	0.006820635	0.255367954	1.274519685
RCAN2	0.148303731	1.236099655	0.012666586	0.097044091	0.284785471	0.308855902	0.044417398	0.112701231	1.140210693	0.131854212	0.082453401	0.154280835	0.076260817
CASKIN2	0.152438265	0.148295745	0.008733577	0.200677838	1.135788504	0.149923833	0.072372028	0.195830163	0.113997145	0.165391024	0.201022238	0.178999885	0.120529483
KIT	0.020784068	0.058737852	0.051028674	0.01488412	0.081234061	0.197926591	0.007026473	0.01703361	1.059651284	0.026904826	0.037701488	0.012188037	0.030389718
SLC5A12	0.023007121	0.032489984	0.018887019	0.021752774	0.025845429	0.070329282	1.036772481	0.020954429	0.022292903	0.026432909	0.019830344	0.06544745	0.046552954
DCXR	0.702955413	0.643349459	0.721028389	0.892809902	0.344135403	0.867446999	1.95321521	1.201811699	1.30897042	0.872453174	1.197300034	0.962623772	0.788278094
PROM1	1.455491618	0.136714297	0.023042568	1.033389743	0.024142733	0.572307831	0.653364373	0.299165841	0.089466606	0.68539539	0.106404459	0.86581097	0.019217533
DUSP2	0.017785982	0.241356217	1.059688312	0.019469668	0.010954384	0.157821611	0.014791752	0.018002911	0.098212314	0.072299198	0.019364288	0.130634167	0.033286518
KANK2	0.233870431	1.164718079	0.018145207	0.222458267	0.338132262	0.154014536	0.142333805	0.186065764	0.110207879	0.146030602	0.148205692	0.463911384	0.750718245
IL32	0.821233691	0.374378529	2.213770684	0.502087812	1.155021235	0.292374168	2.097010919	0.141078462	0.233216022	0.439359534	0.157175892	1.74002256	0.264432589
TYMP	0.433871341	0.316751149	1.470112466	0.554116099	0.572341172	0.279356532	0.733835726	0.21132524	0.229188045	0.413755591	0.380618828	0.798485559	0.094760321
CD7	0.003969168	0.004064046	1.003464651	0.021763464	0.006416976	0.008246294	0.009078863	0.010077389	0.003287859	0.002252442	0.004694851	0.017978309	0
DSG2	0.553569954	0.13085142	0.022012774	0.699729372	0.031675076	0.655326175	0.43382268	0.635156503	1.452220171	0.505500336	0.589148707	0.751583875	0.439733115
PLAC8	0.017076296	0.010417096	1.00603701	0.060025744	0.006827313	0.00644694	0.008623205	0.008305387	0.004688718	0.006282134	0.005646913	0.0267225	0.010698357
RRAS	0.330209479	1.452374159	0.395633905	0.661773532	1.289802486	0.330448575	0.382200156	0.140711436	0.268410902	0.323869529	0.141080585	1.099471173	1.539993919
SLC25A39	0.560409275	0.419342468	0.376367567	0.702140186	0.379964105	0.863065636	0.831865125	0.760069808	1.685423728	0.66251216	0.731416109	0.447986161	0.494394721
SERPINB6	0.462805322	0.780870701	0.497938438	0.521130625	1.508649398	0.506706158	0.605620669	0.354500425	0.643564434	0.448251402	0.391563414	0.500820421	0.652498922
CKLF	0.344611255	0.324419756	1.290715515	0.509417819	0.38576793	0.344011237	0.29795767	0.173786226	0.189046668	0.337701597	0.183619481	0.436000489	0.229236642
EFNB1	0.049496669	0.141933805	0.02998113	0.10841975	1.089663613	0.208148219	0.115448441	0.038575674	0.055408132	0.208264743	0.063690247	0.150488718	0.829481968
GMDS	1.284736686	0.174695217	0.08637188	0.612770934	0.169292935	0.181766186	0.318987139	0.478506579	0.131150238	0.190168292	0.119272728	1.150951439	1.688586533
ENPEP	0.058414941	0.12033786	0.017091825	0.020541069	0.032079616	0.04992853	1.036404274	0.02430529	0.019588177	0.02558422	0.026462227	0.547816056	2.403823205
TGFB1I1	0.154468388	1.085034967	0.008721953	0.12159293	0.332879287	0.093030775	0.179925543	0.034909346	0.043650038	0.098202808	0.072317565	0.586222733	0.521723291
APOLD1	0.009435693	0.265890081	0.093494346	0.016635668	1.001104043	0.015654835	0.012712197	0.020885646	0.008468363	0.015102572	0.010968322	0.019251831	0.079002539
RPL39	3.242365799	3.065684239	4.122776957	3.092145999	2.896578313	3.177258111	3.258007865	2.945495968	3.607409815	3.205273782	3.024802743	3.352401204	2.513594573
PALMD	0.013844169	0.08683736	0.003900273	0.04033776	0.992681886	0.031392664	0.021625943	0.027037866	0.028578993	0.060348576	0.084606024	0.108988513	0.180908555
MT1A	0.014215713	1.019539216	0.008564335	0.026220798	0.343301924	0.009440528	0.058270485	0.038316251	0.00569643	0.006555268	0.054304238	0.36035458	0.032320115
EHD4	0.128636245	0.088498184	0.130830809	0.125363838	1.082812014	0.228837387	0.083900282	0.073754196	0.134541175	0.23308091	0.080390595	0.176364604	0.574264755
ARHGEF17	0.243314734	1.10595476	0.010605701	0.209927111	0.107680828	0.160080423	0.13869364	0.224292974	0.147644045	0.170468571	0.179053805	0.345233176	0.550736331
GLYATL1	0.047727003	0.031641793	0.013622011	0.032388945	0.023501438	0.045425777	0.997708836	0.095463058	0.015710642	0.032532351	0.057715151	0.052665437	0.009363222
FYB1	0.088849682	0.030753893	1.010989916	0.24240566	0.023166535	0.011396618	0.054791948	0.054577395	0.035377077	0.036966265	0.016911284	0.022552685	0.009215691
RAB11FIP3	0.202145217	0.166122049	0.058271799	0.230596108	0.184485558	0.242010156	1.165882688	0.312438783	0.165582421	0.271510052	0.273362907	0.25932719	0.177242262
CYYR1	0.039274356	0.05800623	0.013872048	0.087875336	1.01080671	0.12474254	0.044045695	0.063938294	0.025859214	0.120206937	0.079749639	0.077242405	0.035316284
EBF1	0.005116259	1.018347408	0.033416635	0.00376062	0.626158154	0.009812612	0.006587832	0.003954634	0.004605584	0.006274015	0.002797846	0.100568218	0.079256976
PDGFB	0.206899789	0.286448493	0.094580595	0.179950793	1.039199435	0.040333007	0.107156735	0.050254784	0.016420587	0.090058593	0.037395331	0.236481487	0.0686648
MAP3K7CL	0.050486509	0.996481747	0.065096343	0.038925018	0.030263021	0.038324889	0.068613102	0.036082032	0.045853374	0.029430206	0.042069186	0.126267316	0.022612868
RGS10	0.049356386	0.111036478	1.031271846	0.111902872	0.025565498	0.03986091	0.048730737	0.178951972	0.018925609	0.03589311	0.106194942	0.255567566	0.713190624
HLA-E	0.753994916	0.917236997	2.253975686	1.079097794	2.993887773	0.939851734	0.671021468	0.68105671	0.938083957	0.877763614	0.62573765	0.906342398	1.619342792
CSPG4	0.006545067	0.94790029	0.002972561	0.008395348	0.012614446	0.003044023	0.00258107	0.001686041	0.002215803	0.002511434	0.003613562	0.009990049	0.006873021
IFI44L	0.204477801	0.284481461	0.268195173	0.209174294	1.115173661	0.148498259	0.200939662	0.116825785	0.031601462	0.099957943	0.028428991	0.353269513	0.161252523
KCNJ12	0.017297511	0.02512395	0.00029137	0.016416094	0.122657614	0.037292102	0.016522491	0.065005074	0.004201222	0.014640721	0.003432048	0.034934382	0.008232234
PIK3C2A	0.457495044	0.548649139	0.21162595	0.511298388	1.371234235	0.457539548	0.380699906	0.575616416	0.408385786	0.445132299	0.539922951	0.432001258	0.520627282
PRAP1	0.03039995	0.024015643	0.015531548	0.015347845	0.023477448	0.040635228	0.955235054	0.015467586	0.018327947	0.017941401	0.025500965	0.04075544	0.022208275
SAMHD1	0.026309748	0.177823254	1.010927918	0.036882386	0.336360178	0.047159987	0.070259295	0.026633144	0.03272585	0.039203714	0.025682703	0.063891725	0.022161197
CAVIN1	0.424489793	1.201974294	0.016680885	0.265701154	1.27890311	0.052147564	0.17559766	0.058278583	0.039406692	0.21049432	0.091067325	0.747973987	0.4118776
CFAP45	0.016959174	0.00273348	0.00099383	0.002919972	0.002407934	0.006664704	0.004845532	0.001587582	0.002976288	0.0045216	0.00021484	0.003908431	0.934992605
RPL32	3.386305951	3.171676279	3.984580322	2.961097782	3.028812891	2.909775871	3.254977737	2.734091342	3.383517063	2.92062051	2.815473598	3.387594314	2.434450609
CA4	0.16112523	0.055609298	0.012362184	1.294302208	1.025530461	0.218686401	0.096507275	0.795399523	0.047764397	0.189724894	0.14247372	0.030867433	0.046693328
PAX8	1.792242177	0.217536528	0.069889091	1.219140422	0.06139055	1.266099908	1.033575681	0.825258553	0.79368529	1.259670025	0.553320098	1.399409373	0.170872156
MSRA	0.127049229	0.185683564	0.171948959	0.173634264	0.195604906	0.134001376	1.084395695	0.152747975	0.137245866	0.130077416	0.155031848	0.224053405	0.106754552
KCTD12	0.174911554	0.343641857	0.63085622	0.31216836	1.412501589	0.85989156	0.211033235	0.151468218	1.096604018	0.753369977	0.208422398	0.382907118	0.431194353
DHRS3	0.239655988	0.367767254	0.304019035	0.360701793	1.268569771	0.234740095	0.383836257	0.263510076	0.619257131	0.239985601	0.425076557	0.544270949	1.231116696
PDXK	1.603335784	0.329777836	0.386907937	0.783069085	0.160367868	0.714356561	0.630334791	1.044481153	0.579885975	0.7426677	0.732846635	0.676266017	0.462634665
MME	0.020983141	0.04076799	0.025275866	0.020435678	0.05972804	0.055793573	1.040000204	0.031341332	0.022346012	0.028932847	0.030186599	0.24024156	3.458184232
CXCL1	0.119466643	0.050837405	0.019104277	0.195361895	0.024871445	0.021238927	0.42458632	0.018865311	0.013246144	0.130848922	0.009054786	1.068258834	0.012585025
RNASET2	0.554333716	0.230661539	1.275102984	0.568621783	0.283198615	0.378321631	0.281236459	0.412169076	0.240327702	0.36034645	0.313379887	0.409155915	0.40466491
DNASE1	0.131772539	0.156732574	0.077856656	0.320739158	0.101569678	0.227562887	0.059710867	1.168774878	0.407329348	0.317478461	1.120875934	0.101246265	0.0588545
SHMT1	0.523843458	0.097802794	0.07944995	0.277287327	0.101225213	0.436511986	1.156575192	0.269666089	0.153067344	0.31288578	0.17085964	0.386389121	0.053441042
SLC38A1	0.657722496	0.483827841	0.523538596	0.707483304	0.070144691	1.412556245	0.258389806	0.457204742	0.789032536	1.099756604	0.525531743	0.439655357	0.125219295
ANK2	0.25027049	0.395554052	0.027141975	0.245584428	0.050049151	0.099930012	1.183530639	0.637357354	0.044913411	0.062287539	0.351737281	0.32005617	0.063986385
HLA-DRB5	0.044931142	0.103501599	1.326409752	0.163771291	1.684462476	0.317643394	0.137694514	0.088021287	0.092966632	0.207327411	0.034088478	0.046944094	0.235154345
HLA-C	1.51662939	1.488100855	2.641157808	1.938352021	2.809000969	1.728834028	1.217590331	1.297582852	2.123750381	1.614487872	1.337226319	1.524545999	2.067438144
ALDH4A1	0.139808904	0.13395259	0.036160816	0.349388805	0.086153014	0.660600919	1.227774782	0.329585857	0.230447322	0.536780523	0.354366197	0.124053199	0.128446824
CST3	1.695082596	1.949108591	2.890418793	2.623234929	1.031778424	1.830907223	1.928847509	2.166309819	1.809256262	1.812983634	1.888649077	2.100895252	1.666499116
DHRS4L2	0.328005938	0.43060388	0.283559553	0.280982123	0.302526327	0.354017997	1.229967826	0.298778413	0.409034636	0.31065284	0.338096115	0.588173819	0.393427279
CLDN2	0.24679334	0.023055583	0.016062729	0.067114329	0.014890721	0.044883137	0.937081742	0.017931482	0.009549557	0.036187101	0.014790227	0.304765671	0.005274274
SFRP1	0.555442358	0.494882739	0.069975848	1.865340523	0.375591759	0.351485838	0.086784292	1.962543656	0.148540541	0.358934203	2.022324271	0.171231433	0.155819148
FAM151A	0	0.015337088	0.013852621	0.006642257	0.023707162	0.02593142	0.917179841	0.009903003	0.012951211	0.016289141	0.017717545	0.029995784	0.044401563
NUCB1	0.709562033	0.635771724	0.424497404	0.828303277	0.882535052	0.800418567	0.743406565	0.827416207	0.615851561	0.809494351	0.786834184	0.707153064	1.638287067
PDLIM1	0.206605489	1.277841694	0.196344024	0.430414052	0.938125872	0.156273662	0.634896892	0.08067986	0.117722601	0.163884096	0.088575866	0.457402248	0.236870696
CCDC80	0.037603715	0.954773728	0.005623295	0.133536153	0.063241681	0.038069252	0.037346793	0.053503666	0.126962612	0.026608693	0.078696922	0.452613822	0.07557417
SMIM24	0.211989536	0.093867173	0.048935465	0.43375455	0.038483861	0.303530928	1.307180419	0.285958546	1.410619726	0.513249474	0.410709499	0.231396288	0.059264929
AGXT2	0.017062101	0.015434335	0.010958116	0.013747642	0.024921053	0.025360813	0.914078433	0.015969282	0.00968484	0.014935294	0.016405531	0.042428377	0
NTRK3	0.011091847	0.904474735	0.001632285	0.022031734	0.007844744	0.004000729	0.011040072	0.002260428	0.001635736	0.003107452	0.001694488	0.126705684	0.019369259
SLC3A1	0.914924094	0.258236617	0.058783265	1.134426736	0.079078239	0.610458422	1.702436116	1.300015972	0.569043199	0.890923481	1.128636465	0.68132766	0.102834988
ACAA1	0.531208001	0.326885625	0.523568751	0.542068305	0.321268131	0.533633742	1.409733086	0.604149481	0.442857871	0.476040465	0.570583675	0.424257054	0.41589788
FN1	0.038385775	1.508037497	0.879665539	0.07309633	2.187867216	0.022045386	0.140428295	0.021891333	0.021928605	0.025836942	0.011666421	1.186675213	0.085031247
IRX3	1.056103858	0.112865135	0.005490103	0.247895102	0.723840085	0.028230309	0.216935166	0.081723578	0.003321812	0.016868756	0.014113783	0.135331652	0.007986749
WIPF3	0.096612749	0.074537619	0.002655334	0.050254545	0.037603649	0.009901027	0.035192237	0.038528614	0.01855671	0.008305616	0.01740726	0.113063095	0.921065186
JUN	1.172183115	1.62750427	2.168215509	1.355020313	1.417111479	1.652090416	1.033644087	1.028916759	1.425955775	1.476502314	1.01292494	1.380697126	1.325654926
USP46	0.215076465	0.181309873	0.078295345	0.188495857	0.176498665	0.185348224	0.150298017	0.175378603	0.065604682	0.178175853	0.158724202	0.264164775	1.042430098
FMO1	0.049923824	0.024296352	0.015357562	0.014645702	0.01938642	0.033213542	0.908748603	0.015065041	0.013201626	0.017481893	0.017958118	0.0386238	0.002795325
RNF144B	1.199356498	0.089028307	0.234140073	0.568844283	0.577495618	0.263909793	0.35124348	0.209935177	0.171090549	0.29630306	0.123197003	0.733642859	0.099083465
EMX1	0.076092111	0.09471062	0.025743086	0.07500451	0.020934958	1.278540238	0.251877871	0.178655848	0.449617857	1.292862098	1.497712476	0.140893527	0.09454634
RALBP1	0.519132454	0.510864901	0.392469809	0.610604686	0.481591069	1.463729139	0.458242542	0.463612296	0.711723421	1.422273555	0.675045355	0.559500473	0.710876281
KLHL31	0.007899661	0	0.00210611	0.008198975	0.00018034	0.006939176	0.005347138	0.006776548	0.001647513	0.003868542	0.011437578	0.002492797	0
FILIP1L	0.092130304	0.989387629	0.111021555	0.084757145	0.340050331	0.024214716	0.119497254	0.051463423	0.013683963	0.111388883	0.044739052	0.444806784	0.069154442
NQO2	0.302349563	0.39662965	0.278000919	0.290099571	0.274869386	0.286174188	1.216066647	0.388093989	0.362661651	0.340663048	0.457989193	0.2488148	0.216201662
KLHL23	0.103890005	0.94260494	0.010794878	0.042651396	0.032265041	0.040797894	0.124046469	0.021172159	0.12394425	0.027620993	0.023846023	0.097129452	0.111552889
PTPRM	0.280254619	0.155363619	0.035268744	0.23912265	1.068641051	0.183731544	0.279735548	0.196647559	0.064504431	0.192351214	0.100444198	0.190673523	0.160263873
SLC7A8	0.059484114	0.138568922	0.063068598	0.2032329	0.037729355	0.31578469	1.132356068	0.346860823	0.149854832	0.448030277	0.540632725	0.071849004	1.138424878
ADAMTS6	0.027701013	0.201489917	0.056475858	0.017742902	0.904488704	0.011529594	0.006881503	0.007166796	0.006003305	0.011252073	0.004564525	0.025704294	0.00530003
APOM	0.087606717	0.054366666	0.044147087	0.080463746	0.038671411	0.096470649	0.95687081	0.08919846	0.102569052	0.075786319	0.095677579	0.13872683	0.028952175
SMIM22	0.084845421	0.073718551	0.012305158	0.461785615	0.015484404	1.103979799	0.112323619	0.102895217	0.687880926	0.889814158	0.104239965	0.012506655	0.024394183
MSRB3	0.034146115	0.924396653	0.00949836	0.028917353	0.287149351	0.007057793	0.031600504	0.012790275	0.001686877	0.005830624	0.004894796	0.295253703	0.909912228
CRIP2	0.843229634	1.851992741	0.108469325	1.285889229	2.193805194	0.911356788	0.686836563	0.921063684	0.245258021	0.873920007	0.775693361	1.271142953	1.52320163
DNPH1	1.084259228	0.524848316	0.507273051	1.009493533	0.25471348	0.930366894	1.698302299	0.931395442	0.880667402	0.973369375	1.046078527	1.00917835	0.659350347
GSN	0.5698718	1.788857843	0.554356505	1.058018569	2.364534854	0.555922451	0.409739975	0.618665249	0.659510962	0.707977077	0.747790718	0.796723141	1.540919229
ITGA5	0.025791963	0.127689818	0.157799599	0.028730289	0.920501478	0.013563139	0.027647464	0.006887618	0.006995736	0.019735981	0.010967682	0.049307439	0.017244252
ITGB1	1.336346975	2.094536064	0.984405112	1.73610882	2.113294907	1.168922869	0.973274736	0.882672637	0.839331404	1.385662139	0.890166671	1.63503054	2.099001027
TGFBR3	0.093269168	0.257822434	0.14788735	0.103174239	1.034081031	0.116524486	0.242405047	0.079772801	0.029654047	0.055934248	0.017164268	0.288087708	2.40166299
ITGA11	0.00735226	0.171812437	0.002768942	0.005624197	0.004757689	0.001884032	0.021078869	0.003572918	0.000329169	0.001055783	0.001250907	0.363521371	0.003442415
SLC7A7	0.029945132	0.023714209	0.31051616	0.016028278	0.053187178	0.030809977	0.952931325	0.012882971	0.017538162	0.011488525	0.021386179	0.053403055	0.007670631
TACSTD2	2.100901508	0.397505956	0.068926608	2.118478195	0.164830326	2.047297072	0.683518914	1.142331957	1.065149331	1.949738427	1.092740318	1.139410464	0.088172944
CXCL14	1.35260372	0.933430172	0.093701492	2.298790279	0.134814549	0.291802277	2.225569507	1.65980209	0.245372975	0.434894475	1.22656005	0.600187807	2.109300546
COL12A1	0.050189512	0.927383435	0.003009381	0.022165428	0.054953881	0.064170825	0.116350935	0.01802435	0.027139672	0.102919653	0.10797688	0.468210096	0.044599064
PPP1R12A	0.448879986	1.238045369	0.48629573	0.374608307	0.617361816	0.378116298	0.282888931	0.32057626	0.226091117	0.355135063	0.310802971	0.486762705	0.428657899
SLC16A7	0.328942813	0.297736514	0.243888448	0.477331702	0.14453591	0.514156423	0.086898067	1.261274707	0.74932995	0.778779026	0.993363905	0.241934151	0.118111958
TSPAN7	0.049177459	0.204649049	0.013910039	0.159833516	1.126455268	0.330312417	0.058525495	0.365136249	0.850269885	0.295654253	0.505617826	0.025969289	0.204091487
GLIPR1	0.036688986	0.198796949	0.897635817	0.032313869	0.016340014	0.01288131	0.052566752	0.014791517	0.009458383	0.012052886	0.011832188	0.165581318	0.027128433
MAP3K20	0.096312018	0.917356821	0.077119515	0.026482324	0.216571593	0.032120901	0.033854497	0.007360527	0.076086595	0.034045835	0.019898914	0.14351384	0.380693454
AKR7A3	0.067955837	0.051038032	0.019697547	0.07128946	0.032163806	0.084507776	0.971088194	0.188725826	0.053269269	0.133333774	0.3577349	0.049133253	0.005074443
PARP14	0.577169117	0.407647029	0.620093648	0.458180095	1.262470693	0.390392178	0.384167186	0.258038624	0.275703973	0.370837785	0.22525426	0.556155283	0.449544278
RPL23A	2.301015183	2.228201981	2.873359612	2.039179521	1.900637931	1.819951897	2.135957588	1.877794753	2.258164168	1.870045581	1.878922361	2.181075	1.68142252
MYL12A	1.616842718	1.716723221	2.448681922	1.832740994	2.264021183	1.544065497	1.584414241	1.110738429	1.433376124	1.510911461	1.204708822	2.0369663	2.175981151
CPVL	1.660729125	0.185098298	0.821919274	1.251602468	0.100269918	1.252492299	0.455788997	0.94396083	0.385140105	1.093736566	0.629048534	0.58043178	0.088016854
GIPC2	0.09691563	0.068030036	0.014127002	0.053868368	0.194365484	0.091273093	0.942609857	0.083333648	0.140556523	0.096228277	0.122112898	0.146840989	0.02720604
QPRT	0.168131718	0.125312395	0.095860957	0.155635198	0.03111783	0.560712426	1.093840773	0.16657066	0.214727489	0.498765621	0.21352169	0.188612962	0.484422195
RPS10	2.019646317	2.017602834	2.827244542	1.896700252	1.754840949	1.920571251	2.074377083	1.722441145	2.537235698	1.932592624	1.797983707	2.185446233	1.586637148
SPTBN2	0.062979432	0.068257114	0.006812701	0.127042098	0.012769881	1.011595512	0.035944415	0.128988473	0.568879626	0.704712915	0.265415434	0.038238754	0.02991711
ISG20	0.033397814	0.057873157	0.902121942	0.040614134	0.224930014	0.019278422	0.054688322	0.006542862	0.031797299	0.01847724	0.009625529	0.045736988	0.047016409
GPD1	0.011359711	0.029153093	0.009785457	0.024730713	0.020428959	0.030318181	0.875080437	0.02629982	0.00948663	0.020963024	0.026330961	0.083379731	0.197840671
TMPRSS4	0.138542894	0.02305037	0.007688884	0.919451687	0.006109211	0.049505283	0.027024418	0.204295589	0.018566989	0.077536325	0.103424709	0	0.013160768
CLCNKB	0.2064703	0.291912272	0.066356678	1.029849408	0.078603163	0.970266702	0.072475293	1.650832485	1.795878294	1.271395257	1.87587144	0.086238856	0.17496014
SLC22A6	0.015687109	0.009416453	0.012907995	0.011674704	0.023975672	0.031246401	0.866906983	0.009886827	0.009038466	0.011896509	0.018333927	0.031428335	0.003368844
PGF	0.018299063	0.857879456	0.000982102	0.003000805	0.056261392	0.001985613	0.005868406	0.002572227	0.001871757	0.006044491	0.000867768	0.000593888	0.056266029
PPP1R16A	0.435686091	0.309398342	0.095854679	0.352060233	0.144114274	0.404270625	1.190468521	0.466048665	0.38122688	0.377606762	0.463676269	0.568773906	0.402456499
FSCN1	0.165343355	0.043763198	0.118697813	0.07581231	0.913281232	0.010824974	0.078041554	0.025641683	0.021173805	0.041038193	0.045249274	0.450766871	0.155375083
WTIP	0.24778996	0.984675799	0.010033736	0.184572814	0.224896419	0.195407453	0.082322193	0.151693803	0.10105351	0.23072294	0.187816001	0.312431876	0.253087106
FAM107A	0.086328703	0.13343542	0.009300074	0.37782395	1.034680342	0.320193289	0.080836308	0.12180978	0.189137401	0.529998428	0.418530181	0.116356385	0.058082561
GATA3-AS1	0.015437809	0.251862994	0.017916511	0.03350717	0.014324196	0.987598646	0.012382627	0.079130686	0.250478771	0.827962136	0.502944883	0.014260565	0.083173284
CTSD	1.599521432	1.235383781	1.37092709	2.92862768	0.926424661	2.374754101	1.728722982	2.526026814	2.473559387	2.610120024	2.506078837	1.366579504	2.439370946
FOSB	0.474370735	0.91243628	1.374639604	0.56440861	0.871424825	0.68609597	0.329260434	0.416278601	0.474458986	0.683043186	0.39244335	0.643423424	0.563345016
IGFBP3	1.289486048	0.392370498	0.059267387	0.455390076	0.7604109	0.57784575	0.14232035	0.395690274	0.23127461	0.944033544	1.277641329	0.534108457	0.067659541
ABI3BP	0.263430078	0.21594019	0.006745903	0.211477274	0.977136393	0.0465616	0.314679111	0.052790681	0.011191611	0.024477862	0.011178647	0.511732532	0.028723732
RGS2	0.011311866	0.200684821	0.897909891	0.039755872	0.031690821	0.155015812	0.019509438	0.015174329	0.040265827	0.129987258	0.071231034	0.122943702	0.040869328
HECW2	0.008344696	0.02629261	0.016609635	0.002637758	0.846466256	0.001297675	0.001994101	0.004477105	0.003973964	0.006650991	0.000911022	0.000593888	0.235896339
DLC1	0.133428787	1.060521865	0.019090904	0.077673064	1.296422252	0.047223094	0.066232395	0.050424361	0.078562104	0.034507591	0.01036562	0.223867749	0.743759016
PDGFD	0.077273912	0.0614975	0.052993726	0.0523412	0.882709034	0.037941475	0.038498002	0.040392439	0.013058534	0.051599116	0.018158487	0.287226753	0.151341215
ATOX1	1.056457865	1.052408475	0.864688967	1.2704008	1.129443918	1.209144595	1.991118727	1.120138405	1.522227691	1.156944186	1.202277682	1.399144099	1.651197259
BDH2	0.786210177	0.525630375	0.140841468	0.847423211	0.422994244	0.679164398	1.454433305	0.755797374	0.682572184	0.746470301	0.721810304	0.840450007	0.408260781
ACTN1	0.27780451	1.072832472	0.166974963	0.472740146	0.393115468	0.127270773	0.289833937	0.151990592	0.080768026	0.228122898	0.168333106	0.734142979	0.04945184
SPOCK2	1.012845329	0.021240934	0.525983779	0.140756388	0.06063125	0.011612223	0.099741113	0.03562052	0.006405436	0.013381918	0.00541455	1.310021317	2.651752731
AGMAT	0.039520045	0.025168722	0.029250408	0.014184677	0.019518446	0.023922779	0.856893621	0.018458688	0.025124546	0.019852242	0.02007521	0.021425705	0
XAF1	0.060795897	0.174561204	0.291807845	0.068892049	0.920652621	0.037459	0.047152443	0.028354215	0.012008456	0.017895764	0.008975535	0.165368455	0.194420529
TNS1	0.547515608	1.347560946	0.056279458	0.523671119	0.746576792	0.368141156	0.645739546	0.63734489	0.321518748	0.440603185	0.567286357	1.038981394	0.200066971
JAM2	0.010654932	0.050591687	0.012733899	0.005772312	0.840818236	0.003334944	0.005559848	0.005415572	0.002260216	0.004472791	0.002910985	0.035940012	0.029677453
ADI1	0.603420294	0.978959108	0.491033699	1.05662886	0.451905127	1.02898122	1.771304972	1.106146797	1.270211125	0.991116124	1.083824892	0.631689149	0.982111013
MPC1	0.971217077	0.755003745	0.464963243	1.111528142	0.424716626	1.24431358	0.84459845	1.840601657	1.609240199	1.231003732	1.630669171	0.541127643	0.733945697
PARD6G	0.017642893	0.108363413	0.007208023	0.024074347	0.023025829	0.020092281	0.053825578	0.016587543	0.016779967	0.030405736	0.026624733	0.102960009	0.861529495
MFSD4A	0.122351955	0.090983516	0.02125998	0.526238351	0.046051375	0.083810433	0.049281157	1.004861615	0.134178747	0.247562721	0.800287199	0.044394864	0.060337891
SUCNR1	0.083894255	0.223442375	0.061803461	1.252062434	0.02618255	0.236247474	0.354389081	0.974272341	0.132372552	0.595999541	0.211776822	0.0300075	0.068284648
SLC22A12	0.026646612	0.028020778	0.014281749	0.015078804	0.026931603	0.036720811	0.850916632	0.014152808	0.014518166	0.015308114	0.023179449	0.044014683	0
ARPC3	1.240915436	1.070002835	2.032822415	1.392374547	1.154914694	1.20454363	1.294240381	0.981024726	1.368352817	1.195240832	1.027872713	1.279539019	1.195723485
XIST	2.042123543	1.341101055	0.893914724	1.409130783	1.586211039	1.284934694	0.914772799	1.325030971	1.20419866	1.303426201	1.45271507	1.429989527	1.475338517
MEF2A	0.597076607	0.600951018	0.559091111	0.495622392	1.306845341	0.499584659	0.351797698	0.504342424	0.461808251	0.456368679	0.545303357	0.537890591	0.490066483
RGCC	0.010897452	1.29224111	0.591064809	0.033794558	1.909740336	0.068289029	0.017311008	0.016447446	0.42300825	0.026329514	0.024349819	0.044382933	0.088013121
RPLP1	3.60576725	3.499144485	4.233661989	3.441452993	3.135833395	3.191194785	3.618250036	3.173769336	3.768625026	3.282168019	3.148341115	3.59677434	2.803556089
WT1	0.008517621	0.055075439	0.001259536	0.00236988	0.005543444	0.003434479	0.032242303	0.000721434	0.000170723	0.001333074	0.001385163	0.84703012	1.640668773
FOXS1	0.004314049	0.834097053	0.002248788	0.00167369	0.048542447	0.001867185	0.008874975	0.002572997	0.001403237	0.00058349	0.000858325	0.092621195	0.011233845
DOCK5	0.13895265	0.141961697	0.219259978	0.16397152	0.0799535	0.162563519	0.096944093	0.081542453	0.147430838	0.115993408	0.061663669	0.201280502	0.954986973
ARHGAP18	0.372836242	0.173737292	0.342101699	0.416606989	0.474893626	0.459095465	0.204061189	0.54666335	1.204270032	0.322129646	0.38561132	0.211918522	0.407613273
ZNRF3	0.306506015	0.093083502	0.010348163	0.275556572	0.052972789	0.171903402	0.178072461	0.271394124	0.239822947	0.150751914	0.179780822	0.273924758	0.999664844
SELENOM	1.039438483	1.835759946	0.432735904	1.193260512	1.207567778	1.276617824	0.769559074	0.8395443	1.366793189	1.435260518	1.410038973	1.578380342	0.78462206
PARM1	0.03007698	0.927616769	0.037401906	0.012642968	0.036294895	0.205911897	0.189780932	0.015361107	0.05814855	0.269380649	0.046510892	0.014113727	0.054414238
SLC16A12	0.326119898	0.144198375	0.022895066	0.599398587	0.024069448	0.103797226	0.623509839	1.131215253	0.077478202	0.045606749	0.105352659	0.291652871	0.060128009
S100A13	2.116241558	0.808301931	0.112626278	2.005331881	1.183488832	1.412497561	1.48465541	1.049057986	1.521539425	1.406341033	1.077391118	2.15443259	1.344994946
FLT4	0.014920637	0.004142856	0.0039673	0.002423394	0.826263038	0.002920772	0.004037383	0.001845983	0.004509811	0.002260959	0.001765181	0.016359402	0.291321493
PERP	1.436009156	0.218946872	0.113190566	1.129991034	0.064003357	0.876847809	0.540530061	0.651648153	0.753106996	0.810841974	0.699728276	0.958287007	0.749648658
SEMA3G	0.007465787	0.064719942	0.003314388	0.003582005	0.833280983	0.005854575	0.003301061	0.00408969	0.005945898	0.003562482	0.004477719	0.024567487	1.238601564
MAL	1.829880151	0.620785544	0.313813137	2.635766698	0.130243293	2.418738553	0.933852574	2.301539557	2.532545752	2.405439369	2.313125759	1.338214822	0.356239366
UBA52	2.14558453	2.026913538	2.882493831	2.079450912	1.946798109	1.88219835	2.282857803	1.804388621	2.391245113	1.947779336	1.835114626	2.21401315	1.697374495
RPS27L	1.388846744	1.464261004	1.147926394	1.480041618	1.074182478	1.186702568	2.070837333	1.159563586	1.467617651	1.349929052	1.271557672	1.571719443	1.213251883
IFITM3	1.612069558	2.489402025	1.149826751	1.997505615	3.092525755	1.2545415	1.41501336	1.169306998	1.191249595	1.531101251	1.110702506	2.872560394	2.476032803
FOXC1	1.040768654	0.226779222	0.018454667	0.471863566	0.32258472	0.030528326	0.252208078	0.382014204	0.010454951	0.023262632	0.026827356	0.876725727	1.730972508
IRX2	0.366784846	0.08204476	0.014806522	1.064547569	0.017990881	0.06380616	0.020827608	0.863522029	0.016646431	0.036225437	0.0639347	0.018303105	0.017039395
CFD	0.149259414	1.137127291	0.928113899	0.058477999	0.010102229	0.050791255	0.051579516	0.031093207	0.067286326	0.070099114	0.033758849	0.100219666	0.077011786
ATP1B2	0.00855221	0.938650896	0.006295128	0.069213227	0.018450787	0.102809313	0.006310141	0.259577227	0.070112836	0.306719508	0.621478438	0.013069711	0.080289881
MFAP4	0	0.816798573	0.004375627	0.002144866	0.027484704	0.000558842	0.004057828	0.001212788	0.000322545	0.004464267	0.000673404	0.057633419	0.129618311
SERPINA5	0.06661645	0.176991778	0.037384483	0.84220611	0.048182748	0.600354611	0.095300318	1.40316518	0.485648473	1.206552818	2.050381656	0.047234248	0.190248123
SOD2	1.080744791	0.723922418	0.650413249	1.292071058	0.503545597	0.983915882	1.733099547	0.922301632	0.847428717	1.343569394	0.93684397	1.487403752	0.465853238
CD59	1.353675171	1.216205343	0.297056733	2.180366556	2.163051935	1.157505576	1.158541675	1.666814843	1.570167528	1.301593879	1.563469484	1.617749181	1.756317752
RPS15	3.252577517	2.976088188	3.729987479	2.836769803	2.747060272	2.795287178	3.143551941	2.644249868	3.245827123	2.762821203	2.707594827	3.175722706	2.541911556
LMOD1	0	0.80920075	0.000819336	0.001002655	0.002433856	0.001723298	0.003074477	0.001016851	0.001433641	0.001251576	0.00222589	0.220835202	0.017895582
NIT2	0.627799041	0.424259294	0.290775465	0.383730227	0.166403245	0.428849611	1.152193622	0.317147385	0.417914523	0.377234736	0.275852982	0.599442862	0.369290878
RAP1GAP	0.440927721	0.149717607	0.019043269	0.569918157	0.029029341	0.404554285	0.191439358	1.123072201	0.836570191	0.42754403	0.481959637	0.701309858	0.063071173
NCOA7	0.552844127	0.243554016	0.381674926	0.756920807	1.317321541	0.429265559	0.564820206	0.548856287	0.787954296	0.312799881	0.159201939	0.405930826	0.285441627
PFKFB3	1.123879259	0.122610638	0.109215137	0.351391342	0.100090624	0.962271426	0.070755836	0.257060844	0.226185636	0.685691499	0.068536741	0.118586281	0.053502291
SYNGR1	1.158049147	0.299123242	0.148163907	0.593701039	0.096991136	0.386553891	0.295357213	0.505062071	0.267733246	0.461106702	0.494422999	0.781214148	0.040624508
PDLIM7	0.237209229	1.001115003	0.129984231	0.368635204	0.43404604	0.096707087	0.224570951	0.117233854	0.098662528	0.228161401	0.158730465	0.497242612	0.608781556
PTPN6	0.123241	0.043133536	0.913764354	0.161133468	0.118290735	0.118431973	0.103111651	0.113218962	0.105432821	0.130194025	0.114017512	0.103225274	0.129013842
MYL6	2.699586992	3.330012014	2.486572765	2.693181205	2.634756531	2.492754368	2.677464559	2.220869621	2.497827512	2.55431987	2.350818748	2.956929923	2.843711497
APLN	0.007293042	0.002467594	0.000389469	0.003455898	0.212251894	0.003430505	0.006125527	0.007028061	0.003208507	0.000884334	0.011404168	0.029842197	0.820139182
ROCK1	0.412219533	1.203433888	0.572946596	0.401066512	0.725603319	0.346738743	0.296147779	0.338297287	0.316746432	0.326820542	0.297355169	0.427783289	0.781681331
GRB14	0.41151509	0.058506308	0.021727343	0.503362758	0.023521638	0.372703374	0.182635215	0.505994392	1.102775753	0.310696421	0.749999245	0.19981984	0.038308043
SLC13A3	0.003453047	0.017451834	0.011872164	0.012692153	0.018256714	0.02883855	0.811651682	0.012940645	0.012899807	0.017681572	0.016838605	0.02419868	0
QKI	0.623307221	0.58855761	0.554513257	0.565673176	1.322235547	0.444525475	0.458281532	0.629520079	0.406305742	0.47761005	0.560983346	0.762709141	1.152574728
SERINC3	0.609218219	0.711477312	0.413890024	0.645771259	1.268298629	0.460724783	0.338493881	0.541802909	0.473694576	0.457325414	0.494893476	0.608299621	1.186977116
ADAMTS12	0.003860699	0.015823495	0.000451405	0.001387233	0.001353915	0.00015097	0.017535471	0.000960933	0	0.001275042	0.000138189	0.027191498	0.005746059
JAG2	0.046940582	0.075241097	0.022344883	0.072450483	0.832785325	0.028497673	0.019801388	0.061712286	0.041495137	0.031598799	0.036089169	0.036767743	0.035279632
NAPSA	1.145405878	0.04392807	0.026674255	0.466802786	0.027574661	0.089548952	0.881272227	0.100949932	0.027568527	0.064160346	0.032097642	0.453617257	0.009264529
PPM1F	0.101093288	0.1346175	0.148591545	0.077147544	0.879800895	0.070636961	0.074621254	0.073098633	0.043820797	0.074654203	0.073336058	0.082157256	0.162801149
RPL27	2.140309256	2.163600327	2.792772639	1.906573556	1.955179308	1.818155231	2.206388586	1.721273936	2.353677486	1.842997305	1.756371435	2.107580828	1.686912022
RPL37	2.754000688	2.46829536	3.330551246	2.433252028	2.432020416	2.364642338	2.749337461	2.302811043	2.938604941	2.400748815	2.25319588	2.677687123	1.983590936
QDPR	0.294288566	0.253865816	0.152390749	0.230684038	0.145353633	0.372330832	1.050187157	0.242506153	0.382276155	0.306812065	0.302640045	0.260431206	0.365308367
FMN2	0.002361138	0.00968908	0.000388301	0.000486689	0.007573227	0.000245024	0.000882627	0	0.000213133	0.000966938	0.001608754	0.06509762	0.793046451
AKR1C1	1.13892155	0.185338448	0.01317331	0.722638665	0.061340092	0.164067234	0.726675718	0.136159394	0.33983956	0.098532265	0.038893026	0.18700757	0.01683002
CFL1	1.604617878	1.835600377	2.531568333	1.866213878	1.853508723	1.744091703	1.84004844	1.441166561	1.877228299	1.751299437	1.52335117	1.816120455	1.76854329
NPY1R	0.056276336	0.922224097	0.007289154	0.096449371	0.689697262	0.03026019	0.015563861	0.191047094	0.011348891	0.015586216	0.25410382	0.020202282	0.044886606
LMNA	0.977029088	1.612333457	0.244134575	1.163608856	1.334350759	0.797617553	0.794932933	0.786790798	0.594442713	0.937017481	0.869161785	1.291506297	1.193547678
EVL	0.282680533	0.340778284	1.025935659	0.246398857	0.285325619	0.256108646	0.183950984	0.24050407	0.218842779	0.265989648	0.23178463	0.277353579	0.599854852
DOCK6	0.125922314	0.235813397	0.009211932	0.156563139	0.887497775	0.156085499	0.053950933	0.113753457	0.114876306	0.14159162	0.13260243	0.125426808	0.060169841
IFI16	0.121647069	0.573532526	1.08959252	0.178969958	1.29105783	0.082717847	0.17621712	0.046023803	0.033660687	0.075461211	0.0652126	0.611954154	0.233304114
C1R	0.111536307	0.88882444	0.006394662	0.168241495	0.200775757	0.056529501	0.162351751	0.042901707	0.010502385	0.097347215	0.032446819	0.838939993	0.974625406
CELF2	0.07321545	0.081386723	0.876034519	0.079890166	0.159649972	0.087292732	0.065043213	0.021811689	0.35582278	0.038310803	0.017735852	0.21755476	0.010340957
IDH2	0.403670503	0.398782675	0.496274106	0.814290213	0.344261582	0.886802134	0.606915656	1.593540554	1.326236437	1.050940559	1.699779028	0.226645912	0.247725839
GCHFR	0.278967883	0.084653619	0.370605354	0.475794717	0.079540021	0.25040516	1.078652934	0.271897123	0.369379662	0.23474907	0.32377211	0.351883005	0.187776964
SELENOW	0.977158064	1.827143809	0.961022033	1.360196438	1.228660316	0.711077353	1.023778368	0.93317512	1.302738598	1.062780011	1.230094193	0.864807513	0.929593019
KIF12	1.54395087	0.172996344	0.043745079	1.14018522	0.056068243	0.916565266	0.84116284	1.017015795	0.701637783	0.879246783	0.748564301	1.002206645	0.102495419
NT5DC2	0.169430546	0.957091283	0.053921293	0.264454145	0.081634875	0.249733845	0.117166278	0.298542222	0.090850251	0.233737439	0.178699018	0.16370918	0.081012369
GPX4	1.777465016	1.614024712	1.705003042	1.945154397	1.35591474	1.957673871	2.61334442	1.787466136	2.161715559	2.000790939	1.875222807	2.06093169	1.4757199
PARVA	0.258094631	0.400464468	0.010990091	0.336057635	0.352857039	0.258731138	0.232109873	0.251501852	0.279341302	0.269866557	0.28889595	0.400661825	1.023054058
UCP2	0.066712743	0.061781523	0.973896217	0.216748059	0.013988623	0.555624333	0.042162082	0.112436437	0.314689937	0.339988807	0.139244679	0.049861983	0.04268175
UBA2	0.318267209	1.056789588	0.319035815	0.290819517	0.350422904	0.270895763	0.225273867	0.26081384	0.289211423	0.287266151	0.268247699	0.26611933	0.396376286
FUOM	0.183183098	0.114323771	0.381898383	0.089073883	0.18189463	0.062225507	0.927107435	0.038728748	0.086667504	0.094363877	0.036540615	0.301935225	0.36959406
GJA1	0.217476227	0.062846106	0.004434491	0.236002242	0.82685202	0.002147126	0.051301681	0.016170953	0.002870842	0.009940812	0.001780974	0.207473311	0.811059679
GLUL	0.700129775	0.779740613	0.702729311	0.767206042	1.430528899	0.638886269	0.511235965	0.612250179	0.924069958	0.623187802	0.557946229	1.144994436	1.273283164
STAB1	0.01026907	0.036434437	0.589882722	0.008687827	0.899341857	0.013040562	0.012640545	0.006140448	0.004855004	0.00831419	0.010347574	0.002428739	0.043925779
CDH1	0.639637928	0.111829906	0.024647184	0.592971098	0.021057726	1.168641071	0.213868041	0.456960554	0.892539211	1.046603198	0.369142286	0.763304177	0.076724583
LDHA	1.235844821	1.228378799	1.095123193	1.994668477	1.20450472	1.408756738	1.136396778	1.130719694	1.602432499	1.290143202	1.155534547	1.311489262	0.995164433
MFSD6	0.100392506	0.132168974	0.101542182	0.158915597	0.21664658	0.183343434	0.052593992	0.096000725	0.14413338	0.158243442	0.085521874	0.155650024	0.891112859
ABCC9	0.014889537	0.784073132	0.002057089	0.004063671	0.012444453	0.011752823	0.026324155	0.003558202	0.004342239	0.0062143	0.005414781	0.043831769	0
FBLN2	0.03951434	0.134113991	0.006365928	0.253797791	0.807993311	0.00491964	0.016768573	0.013956552	0.001650005	0.005497663	0.005637262	0.044713093	0
LPP	0.672431531	1.4747964	0.307875995	0.684664696	1.079047133	0.786587463	0.822725083	0.575581508	0.685439249	0.720550594	0.6149017	0.954676521	0.713669044
JAG1	1.209293305	1.413302691	0.032639813	0.348216372	0.903655074	0.480096697	0.192914729	0.493412549	0.309881963	0.400251242	0.571351617	0.54057315	0.041801724
EHHADH	0.124195549	0.078125444	0.026951253	0.097006155	0.09178934	0.241807905	0.897350701	0.163018855	0.099780963	0.186079938	0.106706249	0.175537621	0.064726155
SH2D3C	0.000140841	0.078271622	0.203376594	0.002967676	0.808406267	0.008688762	0.005548353	0.00312873	0.003612176	0.006215358	0.003318696	0.001884695	0.053334813
PIGQ	0.352270168	0.213136878	0.090714012	0.454191986	0.254314726	1.136714243	0.29216977	0.416429198	0.538669687	0.883375255	0.527926997	0.336411349	0.340674998
L1CAM	0.078602951	0.039842381	0.011747541	0.262966013	0.022887923	0.884121004	0.020069516	0.062748278	0.122426615	0.749088272	0.158267932	0.03098777	0.007208856
GSTM3	1.110877061	0.919930587	0.12662368	1.233016682	0.229656896	1.862027166	0.316817222	1.5916101	0.943552152	1.920762423	2.212129994	0.471923609	0.499999967
PIK3R3	0.036855038	0.077529864	0.024411983	0.104409086	0.837953759	0.115813316	0.065407491	0.066540353	0.043881863	0.129650655	0.07916532	0.030284952	0.047152342
